{
 "cells": [
  {
   "cell_type": "markdown",
   "metadata": {},
   "source": [
    "### MACHINE LEARNING FOR FINANCIAL MARKETS\n",
    "\n",
    "TOPIC: IMPROVING TIME SERIES FORECASTING WITH SYNTHETIC DATA\n",
    "\n",
    "Tools used: LSTM Neural Networks (multivariate) and TimeGAN (specifically introduced for Time Series)\n",
    "\n",
    "**GOAL**: predict the stock price at t using all the information of day t-1 (Volume, Open, Close, High, Low)"
   ]
  },
  {
   "cell_type": "markdown",
   "metadata": {},
   "source": [
    "## Proposed Methodology\n",
    "The methodology is divided into two main parts:\n",
    "\n",
    "**Part 1: Training a multivariate LSTM  on Real Data**\n",
    "- Training Phase: Train a multivariate LSTM Neural Networks using only the original (real) training dataset.\n",
    "- Prediction and Evaluation: Apply the trained multivariate LSTM model to unseen test data to make predictions. Evaluate the model's performance using metrics such as Mean Squared Error (MSE) and Mean Absolute Error (MAE).\n",
    "\n",
    "**Part 2: Augmenting the Dataset with Synthetic Data and Training a New multivariate LSTM Model**\n",
    "- Synthetic Data Generation: Build and train a TimeGAN (Time-series Generative Adversarial Network) to generate synthetic time-series data. Combine the synthetic data with the original training dataset to create an augmented training dataset.\n",
    "- Training Phase: Train a multivariate LSTM on the augmented training dataset.\n",
    "- Prediction and Evaluation: Apply the new multivariate LSTM model to the same unseen test data to make predictions. Evaluate its performance using the same metrics (MSE and MAE).\n",
    "\n",
    "**Part 3: Comparison and Analysis**\n",
    "- Compare the performance of the two multivariate LSTM models: The first model, trained only on real data. The second model, trained on the augmented dataset (real + synthetic data) Measure whether the inclusion of synthetic data leads to an improvement in performance.\n",
    "\n",
    "\n",
    "**Expected Outcomes**\n",
    "The comparison will reveal whether the augmented dataset (real + synthetic data) leads to better performance compared to using only real data.\n",
    "If the synthetic data is of high quality and captures the underlying patterns of the real data, the second multivariate LSTM model is expected to achieve lower MSE and MAE on the test set."
   ]
  },
  {
   "cell_type": "code",
   "execution_count": 22,
   "metadata": {},
   "outputs": [],
   "source": [
    "#Import all the necessary libraries for LSTM and GANs\n",
    "\n",
    "import pandas as pd\n",
    "import numpy as np\n",
    "from sklearn.preprocessing import MinMaxScaler\n",
    "import tensorflow as tf\n",
    "from tensorflow.keras.models import Sequential, Model\n",
    "from tensorflow.keras.optimizers import Adam #adam is the optimizer we are going to use\n",
    "from tensorflow.keras import layers, models\n",
    "import matplotlib.pyplot as plt\n",
    "from sklearn.metrics import mean_absolute_error, mean_squared_error\n",
    "from tensorflow.keras.layers import LSTM, Dense, TimeDistributed, Dropout, BatchNormalization"
   ]
  },
  {
   "cell_type": "code",
   "execution_count": 2,
   "metadata": {},
   "outputs": [
    {
     "data": {
      "text/html": [
       "<div>\n",
       "<style scoped>\n",
       "    .dataframe tbody tr th:only-of-type {\n",
       "        vertical-align: middle;\n",
       "    }\n",
       "\n",
       "    .dataframe tbody tr th {\n",
       "        vertical-align: top;\n",
       "    }\n",
       "\n",
       "    .dataframe thead th {\n",
       "        text-align: right;\n",
       "    }\n",
       "</style>\n",
       "<table border=\"1\" class=\"dataframe\">\n",
       "  <thead>\n",
       "    <tr style=\"text-align: right;\">\n",
       "      <th></th>\n",
       "      <th>Date</th>\n",
       "      <th>Close/Last</th>\n",
       "      <th>Volume</th>\n",
       "      <th>Open</th>\n",
       "      <th>High</th>\n",
       "      <th>Low</th>\n",
       "    </tr>\n",
       "  </thead>\n",
       "  <tbody>\n",
       "    <tr>\n",
       "      <th>0</th>\n",
       "      <td>02/19/2025</td>\n",
       "      <td>$414.77</td>\n",
       "      <td>24114200</td>\n",
       "      <td>$407.88</td>\n",
       "      <td>$415.49</td>\n",
       "      <td>$407.65</td>\n",
       "    </tr>\n",
       "    <tr>\n",
       "      <th>1</th>\n",
       "      <td>02/18/2025</td>\n",
       "      <td>$409.64</td>\n",
       "      <td>21423050</td>\n",
       "      <td>$408.00</td>\n",
       "      <td>$410.597</td>\n",
       "      <td>$406.50</td>\n",
       "    </tr>\n",
       "    <tr>\n",
       "      <th>2</th>\n",
       "      <td>02/14/2025</td>\n",
       "      <td>$408.43</td>\n",
       "      <td>22758460</td>\n",
       "      <td>$407.79</td>\n",
       "      <td>$408.91</td>\n",
       "      <td>$405.88</td>\n",
       "    </tr>\n",
       "    <tr>\n",
       "      <th>3</th>\n",
       "      <td>02/13/2025</td>\n",
       "      <td>$410.54</td>\n",
       "      <td>23891730</td>\n",
       "      <td>$407.00</td>\n",
       "      <td>$411.00</td>\n",
       "      <td>$406.36</td>\n",
       "    </tr>\n",
       "    <tr>\n",
       "      <th>4</th>\n",
       "      <td>02/12/2025</td>\n",
       "      <td>$409.04</td>\n",
       "      <td>19121730</td>\n",
       "      <td>$407.21</td>\n",
       "      <td>$410.75</td>\n",
       "      <td>$404.3673</td>\n",
       "    </tr>\n",
       "    <tr>\n",
       "      <th>...</th>\n",
       "      <td>...</td>\n",
       "      <td>...</td>\n",
       "      <td>...</td>\n",
       "      <td>...</td>\n",
       "      <td>...</td>\n",
       "      <td>...</td>\n",
       "    </tr>\n",
       "    <tr>\n",
       "      <th>2510</th>\n",
       "      <td>02/26/2015</td>\n",
       "      <td>$44.055</td>\n",
       "      <td>26524300</td>\n",
       "      <td>$43.99</td>\n",
       "      <td>$44.23</td>\n",
       "      <td>$43.89</td>\n",
       "    </tr>\n",
       "    <tr>\n",
       "      <th>2511</th>\n",
       "      <td>02/25/2015</td>\n",
       "      <td>$43.99</td>\n",
       "      <td>29749090</td>\n",
       "      <td>$43.95</td>\n",
       "      <td>$44.09</td>\n",
       "      <td>$43.80</td>\n",
       "    </tr>\n",
       "    <tr>\n",
       "      <th>2512</th>\n",
       "      <td>02/24/2015</td>\n",
       "      <td>$44.09</td>\n",
       "      <td>25262080</td>\n",
       "      <td>$44.15</td>\n",
       "      <td>$44.30</td>\n",
       "      <td>$43.92</td>\n",
       "    </tr>\n",
       "    <tr>\n",
       "      <th>2513</th>\n",
       "      <td>02/23/2015</td>\n",
       "      <td>$44.15</td>\n",
       "      <td>32510550</td>\n",
       "      <td>$43.70</td>\n",
       "      <td>$44.19</td>\n",
       "      <td>$43.65</td>\n",
       "    </tr>\n",
       "    <tr>\n",
       "      <th>2514</th>\n",
       "      <td>02/20/2015</td>\n",
       "      <td>$43.855</td>\n",
       "      <td>29710140</td>\n",
       "      <td>$43.51</td>\n",
       "      <td>$43.88</td>\n",
       "      <td>$43.29</td>\n",
       "    </tr>\n",
       "  </tbody>\n",
       "</table>\n",
       "<p>2515 rows × 6 columns</p>\n",
       "</div>"
      ],
      "text/plain": [
       "            Date Close/Last    Volume     Open      High        Low\n",
       "0     02/19/2025    $414.77  24114200  $407.88   $415.49    $407.65\n",
       "1     02/18/2025    $409.64  21423050  $408.00  $410.597    $406.50\n",
       "2     02/14/2025    $408.43  22758460  $407.79   $408.91    $405.88\n",
       "3     02/13/2025    $410.54  23891730  $407.00   $411.00    $406.36\n",
       "4     02/12/2025    $409.04  19121730  $407.21   $410.75  $404.3673\n",
       "...          ...        ...       ...      ...       ...        ...\n",
       "2510  02/26/2015    $44.055  26524300   $43.99    $44.23     $43.89\n",
       "2511  02/25/2015     $43.99  29749090   $43.95    $44.09     $43.80\n",
       "2512  02/24/2015     $44.09  25262080   $44.15    $44.30     $43.92\n",
       "2513  02/23/2015     $44.15  32510550   $43.70    $44.19     $43.65\n",
       "2514  02/20/2015    $43.855  29710140   $43.51    $43.88     $43.29\n",
       "\n",
       "[2515 rows x 6 columns]"
      ]
     },
     "execution_count": 2,
     "metadata": {},
     "output_type": "execute_result"
    }
   ],
   "source": [
    "#load the dataset (data from 02/20/2015 to 02/19/2025)\n",
    "path = '/Users/francescavasta/Desktop/ADSEM/II YEAR I SEM/ML for financial markets/MSFT historical data.csv'\n",
    "df = pd.read_csv(path)\n",
    "df"
   ]
  },
  {
   "cell_type": "code",
   "execution_count": 3,
   "metadata": {},
   "outputs": [
    {
     "name": "stdout",
     "output_type": "stream",
     "text": [
      "<class 'pandas.core.frame.DataFrame'>\n",
      "RangeIndex: 2515 entries, 0 to 2514\n",
      "Data columns (total 6 columns):\n",
      " #   Column      Non-Null Count  Dtype \n",
      "---  ------      --------------  ----- \n",
      " 0   Date        2515 non-null   object\n",
      " 1   Close/Last  2515 non-null   object\n",
      " 2   Volume      2515 non-null   int64 \n",
      " 3   Open        2515 non-null   object\n",
      " 4   High        2515 non-null   object\n",
      " 5   Low         2515 non-null   object\n",
      "dtypes: int64(1), object(5)\n",
      "memory usage: 118.0+ KB\n"
     ]
    }
   ],
   "source": [
    "df.info()\n",
    "\n",
    "#we see that we have a problem with the date format because it is a string\n",
    "#also the stock value is a string"
   ]
  },
  {
   "cell_type": "code",
   "execution_count": 4,
   "metadata": {},
   "outputs": [
    {
     "data": {
      "text/html": [
       "<div>\n",
       "<style scoped>\n",
       "    .dataframe tbody tr th:only-of-type {\n",
       "        vertical-align: middle;\n",
       "    }\n",
       "\n",
       "    .dataframe tbody tr th {\n",
       "        vertical-align: top;\n",
       "    }\n",
       "\n",
       "    .dataframe thead th {\n",
       "        text-align: right;\n",
       "    }\n",
       "</style>\n",
       "<table border=\"1\" class=\"dataframe\">\n",
       "  <thead>\n",
       "    <tr style=\"text-align: right;\">\n",
       "      <th></th>\n",
       "      <th>Date</th>\n",
       "      <th>Close/Last</th>\n",
       "      <th>Volume</th>\n",
       "      <th>Open</th>\n",
       "      <th>High</th>\n",
       "      <th>Low</th>\n",
       "    </tr>\n",
       "  </thead>\n",
       "  <tbody>\n",
       "    <tr>\n",
       "      <th>0</th>\n",
       "      <td>2025-02-19</td>\n",
       "      <td>$414.77</td>\n",
       "      <td>24114200</td>\n",
       "      <td>$407.88</td>\n",
       "      <td>$415.49</td>\n",
       "      <td>$407.65</td>\n",
       "    </tr>\n",
       "    <tr>\n",
       "      <th>1</th>\n",
       "      <td>2025-02-18</td>\n",
       "      <td>$409.64</td>\n",
       "      <td>21423050</td>\n",
       "      <td>$408.00</td>\n",
       "      <td>$410.597</td>\n",
       "      <td>$406.50</td>\n",
       "    </tr>\n",
       "    <tr>\n",
       "      <th>2</th>\n",
       "      <td>2025-02-14</td>\n",
       "      <td>$408.43</td>\n",
       "      <td>22758460</td>\n",
       "      <td>$407.79</td>\n",
       "      <td>$408.91</td>\n",
       "      <td>$405.88</td>\n",
       "    </tr>\n",
       "    <tr>\n",
       "      <th>3</th>\n",
       "      <td>2025-02-13</td>\n",
       "      <td>$410.54</td>\n",
       "      <td>23891730</td>\n",
       "      <td>$407.00</td>\n",
       "      <td>$411.00</td>\n",
       "      <td>$406.36</td>\n",
       "    </tr>\n",
       "    <tr>\n",
       "      <th>4</th>\n",
       "      <td>2025-02-12</td>\n",
       "      <td>$409.04</td>\n",
       "      <td>19121730</td>\n",
       "      <td>$407.21</td>\n",
       "      <td>$410.75</td>\n",
       "      <td>$404.3673</td>\n",
       "    </tr>\n",
       "    <tr>\n",
       "      <th>...</th>\n",
       "      <td>...</td>\n",
       "      <td>...</td>\n",
       "      <td>...</td>\n",
       "      <td>...</td>\n",
       "      <td>...</td>\n",
       "      <td>...</td>\n",
       "    </tr>\n",
       "    <tr>\n",
       "      <th>2510</th>\n",
       "      <td>2015-02-26</td>\n",
       "      <td>$44.055</td>\n",
       "      <td>26524300</td>\n",
       "      <td>$43.99</td>\n",
       "      <td>$44.23</td>\n",
       "      <td>$43.89</td>\n",
       "    </tr>\n",
       "    <tr>\n",
       "      <th>2511</th>\n",
       "      <td>2015-02-25</td>\n",
       "      <td>$43.99</td>\n",
       "      <td>29749090</td>\n",
       "      <td>$43.95</td>\n",
       "      <td>$44.09</td>\n",
       "      <td>$43.80</td>\n",
       "    </tr>\n",
       "    <tr>\n",
       "      <th>2512</th>\n",
       "      <td>2015-02-24</td>\n",
       "      <td>$44.09</td>\n",
       "      <td>25262080</td>\n",
       "      <td>$44.15</td>\n",
       "      <td>$44.30</td>\n",
       "      <td>$43.92</td>\n",
       "    </tr>\n",
       "    <tr>\n",
       "      <th>2513</th>\n",
       "      <td>2015-02-23</td>\n",
       "      <td>$44.15</td>\n",
       "      <td>32510550</td>\n",
       "      <td>$43.70</td>\n",
       "      <td>$44.19</td>\n",
       "      <td>$43.65</td>\n",
       "    </tr>\n",
       "    <tr>\n",
       "      <th>2514</th>\n",
       "      <td>2015-02-20</td>\n",
       "      <td>$43.855</td>\n",
       "      <td>29710140</td>\n",
       "      <td>$43.51</td>\n",
       "      <td>$43.88</td>\n",
       "      <td>$43.29</td>\n",
       "    </tr>\n",
       "  </tbody>\n",
       "</table>\n",
       "<p>2515 rows × 6 columns</p>\n",
       "</div>"
      ],
      "text/plain": [
       "           Date Close/Last    Volume     Open      High        Low\n",
       "0    2025-02-19    $414.77  24114200  $407.88   $415.49    $407.65\n",
       "1    2025-02-18    $409.64  21423050  $408.00  $410.597    $406.50\n",
       "2    2025-02-14    $408.43  22758460  $407.79   $408.91    $405.88\n",
       "3    2025-02-13    $410.54  23891730  $407.00   $411.00    $406.36\n",
       "4    2025-02-12    $409.04  19121730  $407.21   $410.75  $404.3673\n",
       "...         ...        ...       ...      ...       ...        ...\n",
       "2510 2015-02-26    $44.055  26524300   $43.99    $44.23     $43.89\n",
       "2511 2015-02-25     $43.99  29749090   $43.95    $44.09     $43.80\n",
       "2512 2015-02-24     $44.09  25262080   $44.15    $44.30     $43.92\n",
       "2513 2015-02-23     $44.15  32510550   $43.70    $44.19     $43.65\n",
       "2514 2015-02-20    $43.855  29710140   $43.51    $43.88     $43.29\n",
       "\n",
       "[2515 rows x 6 columns]"
      ]
     },
     "execution_count": 4,
     "metadata": {},
     "output_type": "execute_result"
    }
   ],
   "source": [
    "#handling of ['Date'] values\n",
    "import datetime\n",
    "\n",
    "def str_to_datetime(s):\n",
    "    split = s.split('/')\n",
    "    month, day, year = int(split[0]), int(split[1]), int(split[2])\n",
    "    return datetime.datetime(year=year, month = month, day=day)\n",
    "\n",
    "#testing the function\n",
    "#datetime_object = str_to_datetime('02/20/2015')\n",
    "#datetime_object\n",
    "\n",
    "df['Date'] = df['Date'].apply(str_to_datetime)\n",
    "df"
   ]
  },
  {
   "cell_type": "code",
   "execution_count": 5,
   "metadata": {},
   "outputs": [
    {
     "name": "stdout",
     "output_type": "stream",
     "text": [
      "<class 'pandas.core.frame.DataFrame'>\n",
      "RangeIndex: 2515 entries, 0 to 2514\n",
      "Data columns (total 6 columns):\n",
      " #   Column      Non-Null Count  Dtype         \n",
      "---  ------      --------------  -----         \n",
      " 0   Date        2515 non-null   datetime64[ns]\n",
      " 1   Close/Last  2515 non-null   float64       \n",
      " 2   Volume      2515 non-null   int64         \n",
      " 3   Open        2515 non-null   float64       \n",
      " 4   High        2515 non-null   float64       \n",
      " 5   Low         2515 non-null   float64       \n",
      "dtypes: datetime64[ns](1), float64(4), int64(1)\n",
      "memory usage: 118.0 KB\n"
     ]
    }
   ],
   "source": [
    "#handling of Close/Last values\n",
    "df[\"Close/Last\"] = df[\"Close/Last\"].str.replace(r\"\\$\", \"\", regex=True) # to remove $\n",
    "df[\"Close/Last\"] = pd.to_numeric(df[\"Close/Last\"], errors=\"coerce\")\n",
    "df[\"Close/Last\"].astype(float)\n",
    "\n",
    "df[\"Open\"] = df[\"Open\"].str.replace(r\"\\$\", \"\", regex=True) # to remove $\n",
    "df[\"Open\"] = pd.to_numeric(df[\"Open\"], errors=\"coerce\")\n",
    "df['Open'].astype(float)\n",
    "\n",
    "df[\"High\"] = df[\"High\"].str.replace(r\"\\$\", \"\", regex=True) # to remove $\n",
    "df[\"High\"] = pd.to_numeric(df[\"High\"], errors=\"coerce\")\n",
    "df['High'].astype(float)\n",
    "\n",
    "df[\"Low\"] = df[\"Low\"].str.replace(r\"\\$\", \"\", regex=True) # to remove $\n",
    "df[\"Low\"] = pd.to_numeric(df[\"Low\"], errors=\"coerce\")\n",
    "df['Low'].astype(float)\n",
    "\n",
    "df.info()"
   ]
  },
  {
   "cell_type": "code",
   "execution_count": 6,
   "metadata": {},
   "outputs": [
    {
     "data": {
      "text/html": [
       "<div>\n",
       "<style scoped>\n",
       "    .dataframe tbody tr th:only-of-type {\n",
       "        vertical-align: middle;\n",
       "    }\n",
       "\n",
       "    .dataframe tbody tr th {\n",
       "        vertical-align: top;\n",
       "    }\n",
       "\n",
       "    .dataframe thead th {\n",
       "        text-align: right;\n",
       "    }\n",
       "</style>\n",
       "<table border=\"1\" class=\"dataframe\">\n",
       "  <thead>\n",
       "    <tr style=\"text-align: right;\">\n",
       "      <th></th>\n",
       "      <th>Date</th>\n",
       "      <th>Close/Last</th>\n",
       "      <th>Volume</th>\n",
       "      <th>Open</th>\n",
       "      <th>High</th>\n",
       "      <th>Low</th>\n",
       "    </tr>\n",
       "  </thead>\n",
       "  <tbody>\n",
       "    <tr>\n",
       "      <th>0</th>\n",
       "      <td>2015-02-20</td>\n",
       "      <td>43.855</td>\n",
       "      <td>29710140</td>\n",
       "      <td>43.51</td>\n",
       "      <td>43.880</td>\n",
       "      <td>43.2900</td>\n",
       "    </tr>\n",
       "    <tr>\n",
       "      <th>1</th>\n",
       "      <td>2015-02-23</td>\n",
       "      <td>44.150</td>\n",
       "      <td>32510550</td>\n",
       "      <td>43.70</td>\n",
       "      <td>44.190</td>\n",
       "      <td>43.6500</td>\n",
       "    </tr>\n",
       "    <tr>\n",
       "      <th>2</th>\n",
       "      <td>2015-02-24</td>\n",
       "      <td>44.090</td>\n",
       "      <td>25262080</td>\n",
       "      <td>44.15</td>\n",
       "      <td>44.300</td>\n",
       "      <td>43.9200</td>\n",
       "    </tr>\n",
       "    <tr>\n",
       "      <th>3</th>\n",
       "      <td>2015-02-25</td>\n",
       "      <td>43.990</td>\n",
       "      <td>29749090</td>\n",
       "      <td>43.95</td>\n",
       "      <td>44.090</td>\n",
       "      <td>43.8000</td>\n",
       "    </tr>\n",
       "    <tr>\n",
       "      <th>4</th>\n",
       "      <td>2015-02-26</td>\n",
       "      <td>44.055</td>\n",
       "      <td>26524300</td>\n",
       "      <td>43.99</td>\n",
       "      <td>44.230</td>\n",
       "      <td>43.8900</td>\n",
       "    </tr>\n",
       "    <tr>\n",
       "      <th>...</th>\n",
       "      <td>...</td>\n",
       "      <td>...</td>\n",
       "      <td>...</td>\n",
       "      <td>...</td>\n",
       "      <td>...</td>\n",
       "      <td>...</td>\n",
       "    </tr>\n",
       "    <tr>\n",
       "      <th>2510</th>\n",
       "      <td>2025-02-12</td>\n",
       "      <td>409.040</td>\n",
       "      <td>19121730</td>\n",
       "      <td>407.21</td>\n",
       "      <td>410.750</td>\n",
       "      <td>404.3673</td>\n",
       "    </tr>\n",
       "    <tr>\n",
       "      <th>2511</th>\n",
       "      <td>2025-02-13</td>\n",
       "      <td>410.540</td>\n",
       "      <td>23891730</td>\n",
       "      <td>407.00</td>\n",
       "      <td>411.000</td>\n",
       "      <td>406.3600</td>\n",
       "    </tr>\n",
       "    <tr>\n",
       "      <th>2512</th>\n",
       "      <td>2025-02-14</td>\n",
       "      <td>408.430</td>\n",
       "      <td>22758460</td>\n",
       "      <td>407.79</td>\n",
       "      <td>408.910</td>\n",
       "      <td>405.8800</td>\n",
       "    </tr>\n",
       "    <tr>\n",
       "      <th>2513</th>\n",
       "      <td>2025-02-18</td>\n",
       "      <td>409.640</td>\n",
       "      <td>21423050</td>\n",
       "      <td>408.00</td>\n",
       "      <td>410.597</td>\n",
       "      <td>406.5000</td>\n",
       "    </tr>\n",
       "    <tr>\n",
       "      <th>2514</th>\n",
       "      <td>2025-02-19</td>\n",
       "      <td>414.770</td>\n",
       "      <td>24114200</td>\n",
       "      <td>407.88</td>\n",
       "      <td>415.490</td>\n",
       "      <td>407.6500</td>\n",
       "    </tr>\n",
       "  </tbody>\n",
       "</table>\n",
       "<p>2515 rows × 6 columns</p>\n",
       "</div>"
      ],
      "text/plain": [
       "           Date  Close/Last    Volume    Open     High       Low\n",
       "0    2015-02-20      43.855  29710140   43.51   43.880   43.2900\n",
       "1    2015-02-23      44.150  32510550   43.70   44.190   43.6500\n",
       "2    2015-02-24      44.090  25262080   44.15   44.300   43.9200\n",
       "3    2015-02-25      43.990  29749090   43.95   44.090   43.8000\n",
       "4    2015-02-26      44.055  26524300   43.99   44.230   43.8900\n",
       "...         ...         ...       ...     ...      ...       ...\n",
       "2510 2025-02-12     409.040  19121730  407.21  410.750  404.3673\n",
       "2511 2025-02-13     410.540  23891730  407.00  411.000  406.3600\n",
       "2512 2025-02-14     408.430  22758460  407.79  408.910  405.8800\n",
       "2513 2025-02-18     409.640  21423050  408.00  410.597  406.5000\n",
       "2514 2025-02-19     414.770  24114200  407.88  415.490  407.6500\n",
       "\n",
       "[2515 rows x 6 columns]"
      ]
     },
     "execution_count": 6,
     "metadata": {},
     "output_type": "execute_result"
    }
   ],
   "source": [
    "#we prefer to have our data ordered chronologically from past to future \n",
    "df = df.sort_values(by=\"Date\", ascending=True)\n",
    "df = df.reset_index(drop=True)\n",
    "df"
   ]
  },
  {
   "cell_type": "code",
   "execution_count": 7,
   "metadata": {},
   "outputs": [
    {
     "data": {
      "text/html": [
       "<div>\n",
       "<style scoped>\n",
       "    .dataframe tbody tr th:only-of-type {\n",
       "        vertical-align: middle;\n",
       "    }\n",
       "\n",
       "    .dataframe tbody tr th {\n",
       "        vertical-align: top;\n",
       "    }\n",
       "\n",
       "    .dataframe thead th {\n",
       "        text-align: right;\n",
       "    }\n",
       "</style>\n",
       "<table border=\"1\" class=\"dataframe\">\n",
       "  <thead>\n",
       "    <tr style=\"text-align: right;\">\n",
       "      <th></th>\n",
       "      <th>Close/Last</th>\n",
       "      <th>Volume</th>\n",
       "      <th>Open</th>\n",
       "      <th>High</th>\n",
       "      <th>Low</th>\n",
       "    </tr>\n",
       "    <tr>\n",
       "      <th>Date</th>\n",
       "      <th></th>\n",
       "      <th></th>\n",
       "      <th></th>\n",
       "      <th></th>\n",
       "      <th></th>\n",
       "    </tr>\n",
       "  </thead>\n",
       "  <tbody>\n",
       "    <tr>\n",
       "      <th>2015-02-20</th>\n",
       "      <td>43.855</td>\n",
       "      <td>29710140</td>\n",
       "      <td>43.51</td>\n",
       "      <td>43.880</td>\n",
       "      <td>43.2900</td>\n",
       "    </tr>\n",
       "    <tr>\n",
       "      <th>2015-02-23</th>\n",
       "      <td>44.150</td>\n",
       "      <td>32510550</td>\n",
       "      <td>43.70</td>\n",
       "      <td>44.190</td>\n",
       "      <td>43.6500</td>\n",
       "    </tr>\n",
       "    <tr>\n",
       "      <th>2015-02-24</th>\n",
       "      <td>44.090</td>\n",
       "      <td>25262080</td>\n",
       "      <td>44.15</td>\n",
       "      <td>44.300</td>\n",
       "      <td>43.9200</td>\n",
       "    </tr>\n",
       "    <tr>\n",
       "      <th>2015-02-25</th>\n",
       "      <td>43.990</td>\n",
       "      <td>29749090</td>\n",
       "      <td>43.95</td>\n",
       "      <td>44.090</td>\n",
       "      <td>43.8000</td>\n",
       "    </tr>\n",
       "    <tr>\n",
       "      <th>2015-02-26</th>\n",
       "      <td>44.055</td>\n",
       "      <td>26524300</td>\n",
       "      <td>43.99</td>\n",
       "      <td>44.230</td>\n",
       "      <td>43.8900</td>\n",
       "    </tr>\n",
       "    <tr>\n",
       "      <th>...</th>\n",
       "      <td>...</td>\n",
       "      <td>...</td>\n",
       "      <td>...</td>\n",
       "      <td>...</td>\n",
       "      <td>...</td>\n",
       "    </tr>\n",
       "    <tr>\n",
       "      <th>2025-02-12</th>\n",
       "      <td>409.040</td>\n",
       "      <td>19121730</td>\n",
       "      <td>407.21</td>\n",
       "      <td>410.750</td>\n",
       "      <td>404.3673</td>\n",
       "    </tr>\n",
       "    <tr>\n",
       "      <th>2025-02-13</th>\n",
       "      <td>410.540</td>\n",
       "      <td>23891730</td>\n",
       "      <td>407.00</td>\n",
       "      <td>411.000</td>\n",
       "      <td>406.3600</td>\n",
       "    </tr>\n",
       "    <tr>\n",
       "      <th>2025-02-14</th>\n",
       "      <td>408.430</td>\n",
       "      <td>22758460</td>\n",
       "      <td>407.79</td>\n",
       "      <td>408.910</td>\n",
       "      <td>405.8800</td>\n",
       "    </tr>\n",
       "    <tr>\n",
       "      <th>2025-02-18</th>\n",
       "      <td>409.640</td>\n",
       "      <td>21423050</td>\n",
       "      <td>408.00</td>\n",
       "      <td>410.597</td>\n",
       "      <td>406.5000</td>\n",
       "    </tr>\n",
       "    <tr>\n",
       "      <th>2025-02-19</th>\n",
       "      <td>414.770</td>\n",
       "      <td>24114200</td>\n",
       "      <td>407.88</td>\n",
       "      <td>415.490</td>\n",
       "      <td>407.6500</td>\n",
       "    </tr>\n",
       "  </tbody>\n",
       "</table>\n",
       "<p>2515 rows × 5 columns</p>\n",
       "</div>"
      ],
      "text/plain": [
       "            Close/Last    Volume    Open     High       Low\n",
       "Date                                                       \n",
       "2015-02-20      43.855  29710140   43.51   43.880   43.2900\n",
       "2015-02-23      44.150  32510550   43.70   44.190   43.6500\n",
       "2015-02-24      44.090  25262080   44.15   44.300   43.9200\n",
       "2015-02-25      43.990  29749090   43.95   44.090   43.8000\n",
       "2015-02-26      44.055  26524300   43.99   44.230   43.8900\n",
       "...                ...       ...     ...      ...       ...\n",
       "2025-02-12     409.040  19121730  407.21  410.750  404.3673\n",
       "2025-02-13     410.540  23891730  407.00  411.000  406.3600\n",
       "2025-02-14     408.430  22758460  407.79  408.910  405.8800\n",
       "2025-02-18     409.640  21423050  408.00  410.597  406.5000\n",
       "2025-02-19     414.770  24114200  407.88  415.490  407.6500\n",
       "\n",
       "[2515 rows x 5 columns]"
      ]
     },
     "execution_count": 7,
     "metadata": {},
     "output_type": "execute_result"
    }
   ],
   "source": [
    "#now we want to remove the index and make the date itslef as the index\n",
    "df.index = df.pop('Date')\n",
    "df"
   ]
  },
  {
   "cell_type": "code",
   "execution_count": 8,
   "metadata": {},
   "outputs": [],
   "source": [
    "def df_to_windowed_df(dataframe, first_date_str, last_date_str):\n",
    "    first_date = str_to_datetime(first_date_str)\n",
    "    last_date = str_to_datetime(last_date_str)\n",
    "    \n",
    "    target_date = first_date\n",
    "    dates = []\n",
    "    X, Y = [], []\n",
    "    \n",
    "    last_time = False\n",
    "    while True:\n",
    "        # Seleziona il giorno precedente (t-1)\n",
    "        df_subset = dataframe.loc[:target_date].tail(2)  # Ultimi due giorni, prendo solo il primo\n",
    "        \n",
    "        if len(df_subset) != 2:\n",
    "            print(f'Error: Not enough data for date {target_date}')\n",
    "            return\n",
    "        \n",
    "        prev_day = df_subset.iloc[0]  # Prendo solo il giorno t-1\n",
    "        target_value = df_subset.iloc[1]['Close/Last']  # Prendo Close del giorno t\n",
    "        \n",
    "        x = prev_day[['Open', 'High', 'Low', 'Close/Last', 'Volume']].to_numpy()\n",
    "        \n",
    "        dates.append(target_date)\n",
    "        X.append(x)\n",
    "        Y.append(target_value)\n",
    "        \n",
    "        # Trova la prossima data valida\n",
    "        next_week = dataframe.loc[target_date:target_date+datetime.timedelta(days=7)]\n",
    "        next_datetime_str = str(next_week.head(2).tail(1).index.values[0])\n",
    "        next_date_str = next_datetime_str.split('T')[0]\n",
    "        year, month, day = map(int, next_date_str.split('-'))\n",
    "        next_date = datetime.datetime(year=year, month=month, day=day)\n",
    "        \n",
    "        if last_time:\n",
    "            break\n",
    "        \n",
    "        target_date = next_date\n",
    "        \n",
    "        if target_date == last_date:\n",
    "            last_time = True\n",
    "    \n",
    "    ret_df = pd.DataFrame({'Target Date': dates})\n",
    "    \n",
    "    X = np.array(X)\n",
    "    feature_names = ['Open-1', 'High-1', 'Low-1', 'Close-1', 'Volume-1']\n",
    "    for i, feature in enumerate(feature_names):\n",
    "        ret_df[feature] = X[:, i]\n",
    "    \n",
    "    ret_df['Target'] = Y\n",
    "    \n",
    "    return ret_df\n"
   ]
  },
  {
   "cell_type": "code",
   "execution_count": 9,
   "metadata": {},
   "outputs": [
    {
     "data": {
      "text/html": [
       "<div>\n",
       "<style scoped>\n",
       "    .dataframe tbody tr th:only-of-type {\n",
       "        vertical-align: middle;\n",
       "    }\n",
       "\n",
       "    .dataframe tbody tr th {\n",
       "        vertical-align: top;\n",
       "    }\n",
       "\n",
       "    .dataframe thead th {\n",
       "        text-align: right;\n",
       "    }\n",
       "</style>\n",
       "<table border=\"1\" class=\"dataframe\">\n",
       "  <thead>\n",
       "    <tr style=\"text-align: right;\">\n",
       "      <th></th>\n",
       "      <th>Target Date</th>\n",
       "      <th>Open-1</th>\n",
       "      <th>High-1</th>\n",
       "      <th>Low-1</th>\n",
       "      <th>Close-1</th>\n",
       "      <th>Volume-1</th>\n",
       "      <th>Target</th>\n",
       "    </tr>\n",
       "  </thead>\n",
       "  <tbody>\n",
       "    <tr>\n",
       "      <th>0</th>\n",
       "      <td>2015-02-23</td>\n",
       "      <td>43.51</td>\n",
       "      <td>43.880</td>\n",
       "      <td>43.2900</td>\n",
       "      <td>43.855</td>\n",
       "      <td>29710140.0</td>\n",
       "      <td>44.150</td>\n",
       "    </tr>\n",
       "    <tr>\n",
       "      <th>1</th>\n",
       "      <td>2015-02-24</td>\n",
       "      <td>43.70</td>\n",
       "      <td>44.190</td>\n",
       "      <td>43.6500</td>\n",
       "      <td>44.150</td>\n",
       "      <td>32510550.0</td>\n",
       "      <td>44.090</td>\n",
       "    </tr>\n",
       "    <tr>\n",
       "      <th>2</th>\n",
       "      <td>2015-02-25</td>\n",
       "      <td>44.15</td>\n",
       "      <td>44.300</td>\n",
       "      <td>43.9200</td>\n",
       "      <td>44.090</td>\n",
       "      <td>25262080.0</td>\n",
       "      <td>43.990</td>\n",
       "    </tr>\n",
       "    <tr>\n",
       "      <th>3</th>\n",
       "      <td>2015-02-26</td>\n",
       "      <td>43.95</td>\n",
       "      <td>44.090</td>\n",
       "      <td>43.8000</td>\n",
       "      <td>43.990</td>\n",
       "      <td>29749090.0</td>\n",
       "      <td>44.055</td>\n",
       "    </tr>\n",
       "    <tr>\n",
       "      <th>4</th>\n",
       "      <td>2015-02-27</td>\n",
       "      <td>43.99</td>\n",
       "      <td>44.230</td>\n",
       "      <td>43.8900</td>\n",
       "      <td>44.055</td>\n",
       "      <td>26524300.0</td>\n",
       "      <td>43.850</td>\n",
       "    </tr>\n",
       "    <tr>\n",
       "      <th>...</th>\n",
       "      <td>...</td>\n",
       "      <td>...</td>\n",
       "      <td>...</td>\n",
       "      <td>...</td>\n",
       "      <td>...</td>\n",
       "      <td>...</td>\n",
       "      <td>...</td>\n",
       "    </tr>\n",
       "    <tr>\n",
       "      <th>2509</th>\n",
       "      <td>2025-02-12</td>\n",
       "      <td>409.64</td>\n",
       "      <td>412.490</td>\n",
       "      <td>409.3000</td>\n",
       "      <td>411.440</td>\n",
       "      <td>18140590.0</td>\n",
       "      <td>409.040</td>\n",
       "    </tr>\n",
       "    <tr>\n",
       "      <th>2510</th>\n",
       "      <td>2025-02-13</td>\n",
       "      <td>407.21</td>\n",
       "      <td>410.750</td>\n",
       "      <td>404.3673</td>\n",
       "      <td>409.040</td>\n",
       "      <td>19121730.0</td>\n",
       "      <td>410.540</td>\n",
       "    </tr>\n",
       "    <tr>\n",
       "      <th>2511</th>\n",
       "      <td>2025-02-14</td>\n",
       "      <td>407.00</td>\n",
       "      <td>411.000</td>\n",
       "      <td>406.3600</td>\n",
       "      <td>410.540</td>\n",
       "      <td>23891730.0</td>\n",
       "      <td>408.430</td>\n",
       "    </tr>\n",
       "    <tr>\n",
       "      <th>2512</th>\n",
       "      <td>2025-02-18</td>\n",
       "      <td>407.79</td>\n",
       "      <td>408.910</td>\n",
       "      <td>405.8800</td>\n",
       "      <td>408.430</td>\n",
       "      <td>22758460.0</td>\n",
       "      <td>409.640</td>\n",
       "    </tr>\n",
       "    <tr>\n",
       "      <th>2513</th>\n",
       "      <td>2025-02-19</td>\n",
       "      <td>408.00</td>\n",
       "      <td>410.597</td>\n",
       "      <td>406.5000</td>\n",
       "      <td>409.640</td>\n",
       "      <td>21423050.0</td>\n",
       "      <td>414.770</td>\n",
       "    </tr>\n",
       "  </tbody>\n",
       "</table>\n",
       "<p>2514 rows × 7 columns</p>\n",
       "</div>"
      ],
      "text/plain": [
       "     Target Date  Open-1   High-1     Low-1  Close-1    Volume-1   Target\n",
       "0     2015-02-23   43.51   43.880   43.2900   43.855  29710140.0   44.150\n",
       "1     2015-02-24   43.70   44.190   43.6500   44.150  32510550.0   44.090\n",
       "2     2015-02-25   44.15   44.300   43.9200   44.090  25262080.0   43.990\n",
       "3     2015-02-26   43.95   44.090   43.8000   43.990  29749090.0   44.055\n",
       "4     2015-02-27   43.99   44.230   43.8900   44.055  26524300.0   43.850\n",
       "...          ...     ...      ...       ...      ...         ...      ...\n",
       "2509  2025-02-12  409.64  412.490  409.3000  411.440  18140590.0  409.040\n",
       "2510  2025-02-13  407.21  410.750  404.3673  409.040  19121730.0  410.540\n",
       "2511  2025-02-14  407.00  411.000  406.3600  410.540  23891730.0  408.430\n",
       "2512  2025-02-18  407.79  408.910  405.8800  408.430  22758460.0  409.640\n",
       "2513  2025-02-19  408.00  410.597  406.5000  409.640  21423050.0  414.770\n",
       "\n",
       "[2514 rows x 7 columns]"
      ]
     },
     "execution_count": 9,
     "metadata": {},
     "output_type": "execute_result"
    }
   ],
   "source": [
    "#apply the function. The start date can't be 20/02/2015 because it must have 5 other dates prior\n",
    "windowed_df = df_to_windowed_df(df,'02/23/2015', '02/19/2025')\n",
    "\n",
    "windowed_df"
   ]
  },
  {
   "cell_type": "code",
   "execution_count": 10,
   "metadata": {},
   "outputs": [
    {
     "data": {
      "text/plain": [
       "((2514,), (2514, 1, 5), (2514,))"
      ]
     },
     "execution_count": 10,
     "metadata": {},
     "output_type": "execute_result"
    }
   ],
   "source": [
    "#this function helps us to distinguish the target variable from the predictors\n",
    "def windowed_df_to_date_X_y (windowed_dataframe):\n",
    "    df_as_np = windowed_dataframe.to_numpy()\n",
    "\n",
    "    dates = df_as_np[:, 0]\n",
    "\n",
    "    middle_matrix  = df_as_np [:, 1:-1] #to take only the \"Target-n\" columns\n",
    "    #middle matrix is not the final input matrix\n",
    "\n",
    "    X = middle_matrix.reshape((len(dates), 1, middle_matrix.shape[1]))  # (samples, timesteps=1, features=5) \n",
    "    Y = df_as_np[:, -1] #target variable\n",
    "\n",
    "    return dates, X.astype(np.float32), Y.astype(np.float32)\n",
    "\n",
    "dates, X_orig, y_orig = windowed_df_to_date_X_y(windowed_df)\n",
    "\n",
    "dates.shape, X_orig.shape, y_orig.shape"
   ]
  },
  {
   "cell_type": "code",
   "execution_count": 11,
   "metadata": {},
   "outputs": [
    {
     "data": {
      "text/plain": [
       "<matplotlib.legend.Legend at 0x165212c00>"
      ]
     },
     "execution_count": 11,
     "metadata": {},
     "output_type": "execute_result"
    },
    {
     "data": {
